n_tL=[0.753213
3.01119
5.27626
7.77801
10.2607
12.8287
15.4541
18.2854
21.3289
24.3678
27.8721
32.0262
37.1221
43.0571
54.695
134.683
       830.658];
