rP=[577
2765
4978
7276
9585
11817
14090
16363
18519
20841
23019
25330
27640
29856
32107
34388
36660
38872
41209
43506
44696
45758
46915
48036
49248
50356
51566
52626
53767
54946
56067
57279
58361
59444
60590
61721
62945
64119
65181
66248
67313
68436
69489
70635
71635
72793
73761
74922
76189
77231
78349
79411
80648
81727
82812
83915
85053
86108
87263
88411
89641
90573
91772
93074
94192
95392
96508
97542
98768
99798
100834
102046
103154
104285
105392
106520
107627
108785
109894
111045
112114
117800
123382
128974
134712
140430
145940
151707
157920
     171534];
